   1         "t+aa"    4  441.148926 1119.875488 689.024475
   2            "a"  468  882.312866 920.025757 1362.027710
   3            "b"  176  598.030151 898.399963 658.700256
   4            "d"  239  583.623352 948.992004 734.876282
   5            "g"  122  309.156433 397.566254 880.478027
   6            "h"  796  1763.348633 2452.726074 3033.319824
   7         "t+au"  130  1415.799561 1119.875488 667.462097
   8            "i"    0  570.663696 425.916321 939.741394
   9            "j"  164  849.222107 1409.233521 597.031738
  10            "k"  841  2021.643555 2347.617432 1998.661499
  11            "l"  235  720.971008 911.499084 429.752899
  12            "m"  515  1436.813232 1885.682251 1141.000122
  13            "n"  152  495.735260 565.238831 288.413422
  14            "p"  264  1616.805786 3084.507324 693.703247
  15            "r"  107  678.253296 427.694305 252.196350
  16            "s"  563  2160.059326 3616.001465 1446.335083
  17            "u"    0  518.654053 470.901367 562.962524
  18            "v"  233  628.248535 761.242065 490.143280
  19            "y"  139  723.476135 719.412537 386.650116
  20       "sh-m+a"   71  232.652679 1043.499023 716.898376
  21        "u-r+a"  745  1045.359375 1081.949829 1179.339722
  22        "u-r+v"   55  1045.359375 1081.949829 190.059769
  23      "ei-h+ii"  367  984.635986 1052.742065 944.268555
  24        "u-s+a"  297  776.621094 2232.659668 1110.761963
  25        "u-s+t"   33  776.621094 323.926636 299.757263
  26      "bh-ei+d"   32  861.269104 1054.385742 312.209045
  27      "bh-ei+j"   88  861.269104 1054.385742 601.198059
  28       "s-a+bh"  147  702.219971 550.400391 297.373169
  29       "s-a+ch"    6  507.115692 265.029388 225.532852
  30         "t-aa"  169  573.543274 730.534058 774.416321
  31         "t-au"   45  461.577087 481.759338 489.369263
  32         "t-ei"   36  394.396606 356.850098 166.077408
  33         "t-ii"   28  446.832153 724.434387 182.834213
  34       "y-oo+g"   40  286.383575 287.721802 314.682404
  35       "y-oo+h"   18  286.383575 640.617981 749.433594
  36       "y-oo+t"    1  286.383575 367.272125 306.777496
  37        "u-t+a"  442  1415.799561 2034.476929 1768.948120
  38        "u-t+p"   62  1415.799561 536.398132 1768.948120
  39        "u-t+t"   57  441.148926 2034.476929 1768.948120
  40      "ch-ii+n"   17  741.072754 302.161011 715.362671
  41         "t-oo"   42  306.037903 640.617981 424.627167
  42     "ei-t:+ei"  120  369.893188 379.091461 474.940887
  43         "t-uu"   38  383.003265 379.752350 404.329712
  44      "uu-aa+t"   37  485.985931 871.926392 607.990906
  45   "rx-shh+nd~"  119  415.357025 778.887268 635.038452
  46     "oo-bh+aa"   30  287.781097 824.515137 599.375000
  47           "aa"    2  1056.490234 1010.154907 1262.861450
  48           "ai"  352  1408.572998 1020.430725 1193.073608
  49           "au"   85  461.577087 481.759338 938.073486
  50      "u-jh+aa"   44  145.511124 144.399338 216.658279
  51           "bh"  121  739.438782 824.515137 648.638245
  52           "d:"   87  160.163223 126.576340 194.860855
  53           "ch"  205  546.402344 894.880249 668.523682
  54           "dh"  156  607.014221 423.750763 355.228607
  55           "ei"    1  130.541138 783.112122 848.287231
  56           "h:"   27   68.415253  71.422409 282.333374
  57           "gh"   32   97.470947  68.565033 105.979660
  58           "ii"  238  811.073914 1981.643188 2795.268555
  59       "d-ei+h"   39  394.396606 413.998596 601.198059
  60       "d-ei+k"    1  394.396606 686.126282 609.662781
  61       "d-ei+n"   14  394.396606 413.998596 312.209045
  62       "d-ei+v"   15  394.396606 413.998596 172.171173
  63           "kh"   61  486.341156 807.987122 468.131592
  64           "n:"  554  692.160645 831.620117 1160.002686
  65           "oo"   57  757.505615 357.414154 374.559174
  66     "r-ei+shh"   39  578.309692 1054.385742 601.198059
  67           "o~"   31   68.890556 100.035324 283.959229
  68           "ph"   58  225.049438 366.356720 165.215363
  69           "rx"   36  287.277222 268.208771 195.194824
  70           "sh"   92  366.852875 1736.057007 325.673950
  71           "sp" 7530  23738.435547
  72           "th"   36  231.966583 436.745361 234.474594
  73           "uu"    5  192.959091 312.152527 404.329712
  74       "uu-d+a"  257  478.185913 781.979919 717.425720
  75       "i-s+aa"   60  776.621094 2232.659668 486.734589
  76        "u-v+a"  171  562.106689 568.470764 436.193573
  77      "t-aa+bh"    6  573.543274 999.061523 1017.884949
  78       "uu-d:h"   31   80.395866  94.774879 164.267563
  79        "u-tra"   61  210.081223 458.086060 484.091003
  80       "h-uu+d"   48  383.003265 510.283875 404.329712
  81       "sh-r+a"   25  1045.359375 443.783203 1179.339722
  82      "ch-aa+h"   17  485.985931 871.926392 774.416321
  83      "ch-aa+l"    2  485.985931 871.926392 322.717987
  84      "ch-aa+r"   21  485.985931 871.926392 422.569275
  85    "nd~-oo+n:"   87  757.505615 489.490265 749.433594
  86        "k-i+l"    2  358.326111 135.966995 222.276855
  87        "k-i+m"    4  358.326111 135.966995 334.458649
  88        "k-i+n"    3  358.326111 135.966995 244.663345
  89        "k-i+p"   34  358.326111 135.966995 141.290146
  90        "k-i+r"    2  358.326111 713.062500 334.458649
  91        "k-i+s"   12  358.326111 135.966995 533.437561
  92        "k-i+y"   17  358.326111 715.799072 384.419067
  93     "d-aa+d:h"    9  936.461853 999.061523 1017.884949
  94      "jh-ii+l"    3  323.087219 694.919678 715.362671
  95       "a-t+aa"  147  441.148926 2034.476929 689.024475
  96      "y-a+nd~"  110  315.497803 540.951233 185.076904
  97       "g-ii+t"   64  323.087219 1981.643188 715.362671
  98       "sh-u+d"    1  274.495148 416.283875 138.173553
  99       "sh-u+k"    7  274.495148 416.283875 172.981873
 100       "sh-u+r"   19  274.495148 416.283875 403.419769
 101        "k-k+i"  507  2021.643555 1354.997681 1076.815063
 102       "sh-v+a"   10  134.257111 163.536896 436.193573
 103         "jh-a"    6  882.312866 399.040649 1362.027710
 104         "jh-i"    2  252.101364 558.899353 939.741394
 105      "t-th+aa"    1  231.966583 363.512909 365.879181
 106      "h-a+t:h"   35  1090.982788 821.776367 1055.190430
 107        "k-l+a"  284  642.016479 689.447205 656.820435
 108     "d:h-n+ei"  599  1186.317505 1732.980835 1286.531494
 109       "r-n+aa"   95  1186.317505 385.388641 368.461761
 110      "jh-aa+r"    4  708.879456 871.926392 613.833435
 111      "jh-aa+v"    7  936.461853 871.926392 274.567902
 112       "m-b+aa"    6  248.418991 283.848022 199.942764
 113       "m-b+ii"  116  248.418991 283.848022 658.700256
 114       "g-aa+i"    6  936.461853 871.926392 1017.884949
 115       "g-aa+n"  104  299.627533 750.568848 753.239746
 116       "g-aa+y"    4  936.461853 871.926392 278.928986
 117      "d:-oo+n"   12  757.505615 749.921509 749.433594
 118      "j-nj~+a"   30   53.551895  70.033379  96.330894
 119         "l+aa"    5  720.971008 911.499084 158.291412
 120       "sh-y+a"   86  249.621002 202.304901 768.543762
 121       "uu-m+i"  247  583.851196 1043.499023 716.898376
 122      "i-sh+aa"  167  420.539093 1736.057007 559.155518
 123    "uu-chh+ei"   60  171.509811 258.013702 299.966034
 124         "rx+t"   26  287.277222 268.208771 266.911499
 125         "t:-i"   63  847.428833 558.899353 939.741394
 126      "aa-t+aa"   30  200.301071 314.795013 689.024475
 127        "aa+bh"   26  1056.490234 695.749329 1017.884949
 128        "aa+ch"   15  1056.490234 695.749329 498.493988
 129        "aa+dh"   22  1056.490234 695.749329 607.990906
 130      "aa-t+ei"   40  200.301071 314.795013 1768.948120
 131         "l-aa"   46  214.332413 670.355957 812.500305
 132         "l-ai"   10  1408.572998 421.814178 1193.073608
 133         "l-ei"   33  232.359024 404.557281 1441.050903
 134         "l-ii"   39  200.895432 694.919678 2795.268555
 135         "l-oo"   10  425.551605 640.617981 374.559174
 136     "kh-aa+ii"  106  936.461853 990.978210 1017.884949
 137       "u-r+aa"   72  286.383667 284.398010 503.213257
 138         "t:ra"    4   29.001558  11.998966   9.999304
 139     "s-ei+shh"    7  611.045288 1054.385742 601.198059
 140        "aa-ei"  149  861.269104 783.112122 848.287231
 141    "ei-nd~+ii"  114  277.125214 313.530334 427.491455
 142        "aa-ii"   16  200.895432 291.707764 2795.268555
 143       "uu-p+a"  185  1616.805786 3084.507324 704.013916
 144        "k-r+a"   74  286.383667 284.398010 252.196350
 145      "g-a+d:h"   31  390.320740 280.774109 1055.190430
 146        "aa-uu"   24  219.637833 297.283936 329.042389
 147       "i-k+aa"  439  725.109131 1133.693481 1026.839478
 148        "k-t+a"   39  242.769531 1119.875488 1768.948120
 149       "nd~-aa"  176  521.448853 1010.154907 1262.861450
 150        "th+aa"   49  231.966583 436.745361 365.879181
 151      "d:h-a+n"   95  1090.982788 320.754974 861.126221
 152        "k-u+m"    8  173.527649 265.568878 399.711243
 153        "k-u+n"   18  173.527649 265.568878 119.955635
 154       "a-l+aa"   57  642.016479 150.190765 158.291412
 155      "p-i+chh"    1  837.245483 483.322083 286.478668
 156        "n-a+d"   13  148.163345 420.767700 351.598572
 157        "n-a+g"   14  148.163345 135.248413 253.954941
 158        "n-a+h"   39  802.495239 420.767700 1055.190430
 159        "n-a+k"   57  802.495239 154.244537 179.665695
 160        "n-a+l"    1  148.163345 420.767700 272.062500
 161        "n-a+m"    9  148.163345 420.767700 461.208496
 162        "n-a+n"    8  148.163345 420.767700 861.126221
 163        "n-a+r"    3  148.163345 420.767700 406.899933
 164        "n-a+s"    6  802.495239 420.767700 379.731995
 165        "n-a+t"   17  802.495239 420.767700 270.759857
 166        "n-a+v"    8  148.163345 135.248413 446.339661
 167        "n-a+y"    6  148.163345 420.767700 530.492676
 168        "th-aa"   51  308.136108 990.978210 1262.861450
 169        "a-g+a"  296  485.374207 501.152771 880.478027
 170        "th-ei"   15  611.045288 356.850098 848.287231
 171        "th-ii"   19  446.832153 291.707764 2795.268555
 172         "bh-u"   26  428.904541 448.445557 562.962524
 173       "k-ii+j"   13  741.072754 937.875793 715.362671
 174       "y-a+th"   14  315.497803 420.767700 334.420898
 175        "n-d+a"   89  213.838638 781.979919 717.425720
 176        "a-j+a"  135  543.354187 1409.233521 805.379150
 177         "d+aa"    5  583.623352 948.992004 171.005142
 178      "a-dh+aa"   48  607.014221 423.750763 254.286819
 179      "b-aa+n:"    8  203.394913 999.061523 1017.884949
 180      "rx-th+v"   21  231.966583 436.745361 452.354187
 181      "aa-l+aa"    5  169.992752 216.668716 158.291412
 182      "aa-l+ei"   81  169.992752 216.668716 656.820435
 183      "i-n:+d:"   83  577.238586 589.055420 344.524506
 184       "k-aa+d"    3  608.580566 695.871033 607.990906
 185       "k-aa+i"   24  608.580566 695.871033 1017.884949
 186       "k-aa+l"   24  608.580566 695.871033 322.717987
 187       "k-aa+m"   10  608.580566 460.576263 300.290070
 188       "k-aa+n"    2  608.580566 750.568848 753.239746
 189       "k-aa+r"   75  608.580566 462.173950 422.569275
 190       "k-aa+s"   13  608.580566 695.871033 498.493988
 191       "k-aa+v"    4  608.580566 695.871033 274.567902
 192       "k-aa+y"    4  608.580566 695.871033 278.928986
 193         "d-aa"    5  521.448853 730.534058 774.416321
 194         "d-ei"    4  394.396606 404.557281 848.287231
 195      "s-aa+dh"   20  501.650726 999.061523 607.990906
 196         "d-ii"   62  755.545471 724.434387 2795.268555
 197      "s-aa+ii"   32  501.650726 191.645004 774.416321
 198        "a-n+d"   58  114.039612 282.187408 283.222351
 199        "a-n+m"   20  127.993500 1732.980835 283.222351
 200        "a-n+t"   21  1186.317505 1732.980835 283.222351
 201        "a-n+y"   47  127.993500 317.316498 216.899918
 202         "sh+r"   14  366.852875 245.757812 325.673950
 203         "sh-a"  179  507.115692 529.429810 1691.697510
 204      "k-shh+a"   35  239.317307 265.501984 635.038452
 205        "n-i+b"    1  224.231476 453.687714 488.147125
 206        "n-i+g"    2  224.231476 715.799072 485.625397
 207        "n-i+h"    7  224.231476 713.062500 286.478668
 208        "n-i+k"   19  224.231476 213.289017 485.625397
 209        "n-i+m"    8  224.231476 453.687714 334.458649
 210        "n-i+r"   17  224.231476 713.062500 334.458649
 211        "n-i+s"    3  224.231476 453.687714 533.437561
 212        "n-i+y"    5  224.231476 715.799072 384.419067
 213       "m-ii+d"   19  755.545471 1981.643188 715.362671
 214       "a-bh+a"   78  287.781097 824.515137 648.638245
 215        "a-p+r"  207  1616.805786 3084.507324 689.274963
 216      "m-ei+gh"  189  692.890747 792.452087 509.590790
 217      "m-ei+sh"   23  692.890747 404.557281 509.590790
 218         "u+d:"   14  518.654053 470.901367 403.419769
 219         "u+ch"   31  518.654053 470.901367 378.702606
 220       "l-ei+j"   71  232.359024 461.320648 609.662781
 221       "l-ei+k"    1  232.359024 686.126282 609.662781
 222      "s-th+aa"   24  260.106140 363.512909 365.879181
 223       "a-d+aa"   30  478.185913 781.979919 171.005142
 224        "a-s+k"   38  280.013428 323.926636 299.757263
 225        "a-s+y"   95  280.013428 2232.659668 1110.761963
 226       "m-aa+d"    5  352.642639 465.001556 607.990906
 227       "m-aa+h"   16  352.642639 465.001556 1017.884949
 228       "m-aa+l"    3  352.642639 465.001556 322.717987
 229       "m-aa+n"   41  352.642639 400.854156 753.239746
 230       "m-aa+p"    2  352.642639 465.001556 288.057861
 231       "m-aa+r"    9  352.642639 465.001556 613.833435
 232       "m-aa+v"    1  352.642639 377.400391 274.567902
 233       "m-aa+y"    7  352.642639 465.001556 278.928986
 234       "p-uu+j"    5  383.003265 284.026062 404.329712
 235       "p-uu+r"   27  168.119965 284.026062 223.429077
 236      "r-shh+a"   24  106.110161 456.547272 635.038452
 237       "k-ai+s"   14  290.446838 273.829834 249.159088
 238       "a-sh+r"    8  420.539093 245.757812 559.155518
 239        "d-a+d"    2  227.346222 265.029388 351.598572
 240        "d-a+k"    7  227.346222 529.429810 354.521454
 241        "d-a+l"    9  227.346222 550.400391 272.062500
 242        "d-a+m"    6  227.346222 447.883850 461.208496
 243        "d-a+n"   10  227.346222 550.400391 861.126221
 244        "d-a+p"    2  227.346222 447.883850 354.521454
 245        "d-a+r"   29  227.346222 200.767288 406.899933
 246        "d-a+s"   20  227.346222 265.029388 379.731995
 247        "d-a+y"   12  227.346222 550.400391 530.492676
 248        "jh-ei"   17  861.269104 848.424438 848.287231
 249      "kh-u+sh"   22  428.904541 448.445557 138.173553
 250      "aa-d+aa"    5  192.907867 211.068634 171.005142
 251      "aa-d+ei"   76  192.907867 211.068634 166.417297
 252       "n-ei+h"    3  417.519623 705.360229 601.198059
 253       "n-ei+k"    9  417.519623 705.360229 609.662781
 254       "n-ei+m"    1  417.519623 404.557281 601.198059
 255       "n-ei+r"    1  417.519623 404.557281 312.209045
 256       "n-ei+t"    3  417.519623 705.360229 312.209045
 257      "ph-aa+r"  107  708.879456 622.984985 613.833435
 258        "a-y+a"  275  514.640564 610.066040 768.543762
 259      "ii-ei+m"    8  861.269104 356.850098 601.198059
 260        "n-t+a"   30  1415.799561 2034.476929 667.462097
 261        "n-t+r"    1  441.148926 2034.476929 667.462097
 262      "h-ai+n:"   72  290.446838 328.004913 345.699310
 263       "r-uu+n"   21  126.161392 379.752350 404.329712
 264       "r-uu+r"    3  158.342316 379.752350 223.429077
 265        "n-u+g"   22  312.303467 448.445557 399.711243
 266        "n-u+n"    3  312.303467 448.445557 404.307861
 267        "n-u+r"    2  312.303467 448.445557 403.419769
 268        "n-u+s"   23  312.303467 448.445557 378.702606
 269       "m-ai+d"    3  228.810562 421.814178 345.699310
 270       "m-ai+n"   11  228.810562 421.814178 249.159088
 271       "m-ai+s"    4  228.810562 273.829834 249.159088
 272       "d-y+aa"    7  216.916733 366.176422 393.347748
 273         "m+aa"   42  1436.813232 173.753464 309.403198
 274       "d-y+oo"   24  216.916733 610.066040 768.543762
 275        "d-i+k"   38  837.245483 213.289017 485.625397
 276        "d-i+l"   12  837.245483 453.687714 222.276855
 277        "d-i+n"   11  837.245483 713.062500 244.663345
 278        "d-i+r"   10  837.245483 713.062500 334.458649
 279        "d-i+t"    2  837.245483 453.687714 141.290146
 280        "d-i+v"    9  837.245483 453.687714 334.458649
 281        "d-i+y"   31  837.245483 715.799072 384.419067
 282        "n-y+a"   40  289.298370 610.066040 768.543762
 283         "m-aa"   18  352.642639 166.662140 398.364563
 284       "p-ei+k"   10  578.309692 686.126282 609.662781
 285         "m-ei"   22  692.890747 792.452087 1441.050903
 286         "m-ii"   21  755.545471 1981.643188 2795.268555
 287         "m-uu"    4  192.959091 284.026062 404.329712
 288      "ph-ai+l"   23  290.446838 421.814178 249.159088
 289       "a-kh+a"  183  486.341156 807.987122 1023.371094
 290       "s-ii+d"   24  446.832153 724.434387 715.362671
 291       "s-ii+y"   30  446.832153 305.233368 241.235504
 292       "a-m+aa"   45  583.851196 1043.499023 309.403198
 293       "s-k+aa"   15  191.157089 1133.693481 1026.839478
 294       "s-k+rx"   53  191.157089 1354.997681 1076.815063
 295       "r-ei+l"    9  578.309692 1054.385742 312.209045
 296       "r-ei+m"    4  578.309692 356.850098 601.198059
 297       "b-oo+l"   29  152.267929 749.921509 236.057373
 298         "ch-a"   18  882.312866 529.429810 1691.697510
 299      "rx-n:+d"   55  577.238586 566.689636 498.648804
 300      "rx-n:+g"   65  577.238586 589.055420 498.648804
 301       "s-aa+l"    2  501.650726 999.061523 322.717987
 302       "s-aa+m"    8  501.650726 460.576263 300.290070
 303       "s-aa+n"   10  501.650726 225.311996 753.239746
 304       "s-aa+r"   25  501.650726 397.747742 422.569275
 305       "s-aa+t"    2  501.650726 871.926392 607.990906
 306       "s-aa+v"    1  501.650726 377.400391 274.567902
 307       "s-aa+y"    1  501.650726 191.645004 278.928986
 308      "y-aa+n:"   15  306.829895 871.926392 1017.884949
 309      "m-a+nd~"   71  523.250122 235.039871 1055.190430
 310       "k-rx+p"   38  270.063507 268.208771 266.911499
 311        "d-u+n"   17  274.495148 416.283875 404.307861
 312        "d-u+s"    5  274.495148 416.283875 378.702606
 313      "k-u+chh"   24  173.527649 265.568878 403.419769
 314      "aa-m+aa"    7  213.420456 227.170471 309.403198
 315      "aa-m+ii"   77  213.420456 227.170471 716.898376
 316        "d-v+i"   50  158.579651 163.536896 436.193573
 317      "bh-oo+p"    8  757.505615 489.490265 314.682404
 318        "g-a+d"   10  390.320740 298.725250 351.598572
 319        "g-a+g"    2  390.320740 298.725250 253.954941
 320        "g-a+l"   11  390.320740 280.774109 272.062500
 321        "g-a+m"    6  390.320740 280.774109 461.208496
 322        "g-a+n"    6  390.320740 280.774109 861.126221
 323        "g-a+r"   21  390.320740 243.836807 481.553345
 324        "g-a+t"   25  390.320740 298.725250 334.420898
 325        "g-a+v"    5  390.320740 280.774109 446.339661
 326        "g-a+y"   32  390.320740 280.774109 530.492676
 327      "th-a+sh"    1  1090.982788 265.029388 225.532852
 328      "oo-n:+n"   40  577.238586 566.689636 344.524506
 329       "bh-a+d"   15  1090.982788 821.776367 351.598572
 330       "bh-a+g"   25  1090.982788 821.776367 253.954941
 331       "bh-a+k"   28  1090.982788 821.776367 354.521454
 332       "bh-a+r"   73  1090.982788 821.776367 371.962341
 333       "t-ei+h"   13  394.396606 1054.385742 601.198059
 334       "bh-a+v"   29  1090.982788 821.776367 446.339661
 335       "bh-a+y"   31  1090.982788 821.776367 530.492676
 336       "t-ei+m"    1  394.396606 352.943848 601.198059
 337       "d-oo+l"    6  306.037903 749.921509 236.057373
 338       "d-oo+n"    9  306.037903 749.921509 749.433594
 339         "th-a"   94  507.115692 190.541977 1691.697510
 340      "sh-oo+k"    2  757.505615 257.338013 314.682404
 341      "sh-oo+r"   15  757.505615 749.921509 236.057373
 342       "b-i+bh"   17  629.359680 483.322083 286.478668
 343       "b-i+ch"   13  629.359680 483.322083 485.625397
 344       "b-i+dh"   17  629.359680 483.322083 334.458649
 345      "v-oo+n:"    1  152.267929 489.490265 749.433594
 346         "v+aa"   25  562.106689 761.242065 467.546600
 347    "aa-t:h+ii"   57  186.592300 234.331131 214.855728
 348        "t-a+b"   12  663.818298 447.883850 446.339661
 349        "t-a+h"   30  663.818298 550.400391 1055.190430
 350        "t-a+k"   15  663.818298 529.429810 1362.027710
 351        "t-a+l"    9  663.818298 550.400391 272.062500
 352        "t-a+m"   17  663.818298 447.883850 461.208496
 353        "t-a+n"   37  663.818298 550.400391 861.126221
 354        "t-a+p"    2  663.818298 447.883850 1362.027710
 355        "t-a+r"   89  663.818298 200.767288 406.899933
 356        "t-a+t"   34  663.818298 265.029388 270.759857
 357      "v-i+shh"   60  629.359680 483.322083 196.459610
 358       "j-y+aa"  140  243.111771 366.176422 393.347748
 359     "ei-kh+aa"   18  486.341156 807.987122 158.514618
 360         "v-aa"   17  448.915833 377.400391 1262.861450
 361         "v-ei"   12  578.309692 404.557281 1441.050903
 362         "v-oo"    3  152.267929 357.414154 374.559174
 363      "p-ii+d:"   34  156.955719 262.709320 715.362671
 364        "g-i+k"   17  252.101364 213.289017 485.625397
 365        "g-i+n"    1  252.101364 713.062500 244.663345
 366        "g-i+r"    2  252.101364 713.062500 334.458649
 367        "g-i+t"    1  252.101364 453.687714 141.290146
 368       "dh-a+k"    3  272.195343 529.429810 354.521454
 369       "dh-a+m"    1  272.195343 447.883850 461.208496
 370       "dh-a+n"   37  272.195343 189.406082 861.126221
 371       "v-ei+d"   15  578.309692 352.943848 312.209045
 372       "dh-a+r"   19  272.195343 189.406082 406.899933
 373      "shh-a+m"   13  1090.982788 821.776367 461.208496
 374     "chh-aa+y"   10  936.461853 990.978210 278.928986
 375       "bh-i+k"   22  847.428833 213.289017 485.625397
 376       "bh-i+m"   16  847.428833 453.687714 334.458649
 377       "bh-i+n"   52  369.678345 713.062500 244.663345
 378       "bh-i+y"   50  847.428833 715.799072 384.419067
 379       "d-i+ei"   27  837.245483 713.062500 286.478668
 380       "d-i+sh"    8  837.245483 213.289017 286.478668
 381      "sh-i+sh"    3  847.428833 213.289017 196.459610
 382     "sh-aa+kh"   10  485.985931 755.711975 774.416321
 383       "a-v+aa"   79  562.106689 568.470764 467.546600
 384       "s-t+aa"   10  242.769531 1119.875488 689.024475
 385       "s-t+ei"   57  242.769531 1119.875488 667.462097
 386       "n-h+aa"   94  378.695282 293.854187 376.336884
 387        "t-i+g"    5  837.245483 715.799072 485.625397
 388       "b-a+d:"   59  366.053253 312.820740 1055.190430
 389       "b-a+ch"   13  366.053253 203.980179 225.532852
 390      "aa-th+a"   16  231.966583 363.512909 452.354187
 391       "h-oo+t"   73  273.038330 367.272125 306.777496
 392        "ch-aa"   12  485.985931 1010.154907 1262.861450
 393        "ch-ii"   13  741.072754 302.161011 2795.268555
 394       "k-u+sh"    2  173.527649 265.568878 378.702606
 395         "n+aa"   50  495.735260 385.388641 368.461761
 396       "dh-i+t"   21  837.245483 453.687714 488.147125
 397      "shh-i+p"   64  847.428833 453.687714 488.147125
 398      "k-ei+n:"    6  1003.769897 352.943848 601.198059
 399      "k-ei+sh"    7  1003.769897 352.943848 238.780945
 400       "y-aa+d"   13  306.829895 871.926392 607.990906
 401       "y-aa+g"    5  306.829895 871.926392 177.828049
 402       "y-aa+l"   13  306.829895 871.926392 322.717987
 403       "y-aa+n"   20  306.829895 750.568848 753.239746
 404       "y-aa+p"    7  306.829895 871.926392 288.057861
 405       "y-aa+r"    2  306.829895 871.926392 613.833435
 406       "y-aa+s"   16  306.829895 871.926392 498.493988
 407       "y-aa+v"    4  306.829895 871.926392 274.567902
 408       "y-aa+y"    4  306.829895 871.926392 278.928986
 409      "aa-v+aa"   12  134.257111 568.470764 467.546600
 410      "aa-v+ei"   45  134.257111 568.470764 436.193573
 411         "n-aa"   77  415.820770 434.779541 398.364563
 412         "n-ei"  129  417.519623 705.360229 1441.050903
 413         "n-ii"   35  168.267975 298.008362 2795.268555
 414      "r-u+shh"   25  312.303467 448.445557 172.981873
 415      "n-oo+n:"   32  425.551605 640.617981 749.433594
 416       "n-y+aa"   18  289.298370 366.176422 123.466370
 417        "j-a+l"   38  1090.982788 821.776367 272.062500
 418        "j-a+s"    7  1090.982788 821.776367 379.731995
 419        "j-a+t"   42  1090.982788 821.776367 334.420898
 420       "b-r+aa"   42  397.010040 276.813782 503.213257
 421       "bh-u+v"    5  428.904541 448.445557 399.711243
 422      "sh-a+h:"   12  221.203461 467.137177 1055.190430
 423       "d-a+n:"    2  227.346222 550.400391 1055.190430
 424       "d-a+sh"    1  227.346222 265.029388 225.532852
 425       "m-u+ch"   23  312.303467 185.368820 378.702606
 426     "th-aa+oo"    2  308.136108 999.061523 1017.884949
 427      "d-oo+n:"   10  306.037903 640.617981 749.433594
 428       "m-u+kh"   37  312.303467 185.368820 399.711243
 429       "h-i+ei"   57  847.428833 713.062500 286.478668
 430        "t-u+m"   11  274.495148 416.283875 399.711243
 431         "dh-a"   35  824.273376 399.040649 1691.697510
 432         "dh-i"   24  837.245483 715.799072 939.741394
 433         "dh-u"   28  274.495148 416.283875 562.962524
 434       "p-y+aa"   17  249.621002 366.176422 393.347748
 435      "sh-r+aa"    1  286.383667 443.783203 503.213257
 436      "ph-u+t:"   27  428.904541 448.445557 403.419769
 437        "j-i+l"   44  847.428833 453.687714 222.276855
 438        "j-i+s"    7  847.428833 453.687714 533.437561
 439       "jh-a+r"    1  1090.982788 821.776367 406.899933
 440       "l-oo+g"   22  425.551605 287.721802 314.682404
 441       "l-oo+n"    5  425.551605 749.921509 749.433594
 442      "k-a+chh"   58  450.714294 330.559387 1055.190430
 443      "aa-n+aa"   17  584.382446 385.388641 368.461761
 444      "aa-n+ei"  233  584.382446 586.491089 1286.531494
 445     "k-shh+aa"   17  239.317307 265.501984 232.689407
 446      "m-ai+n:"   36  228.810562 256.367554 345.699310
 447       "r-y+oo"   42  289.298370 197.421631 768.543762
 448       "m-m+aa"   10  232.652679 1043.499023 309.403198
 449       "n-oo+r"    4  425.551605 749.921509 236.057373
 450       "d:-i+g"    1  847.428833 715.799072 485.625397
 451       "a-n:+s"   43  162.156097 168.958618 190.086121
 452       "l-i+ei"   96  260.582672 613.524780 267.831085
 453    "nd~-ei+sh"    4  861.269104 1054.385742 238.780945
 454          "a+b"   17  839.125793 214.090103 446.339661
 455          "a+d"   14  839.125793 542.771484 351.598572
 456          "a+g"    4  839.125793 542.771484 253.954941
 457          "a+j"   45  839.125793 542.771484 1055.190430
 458          "a+k"    3  839.125793 542.771484 354.521454
 459          "a+l"    6  839.125793 542.771484 272.062500
 460          "a+m"    9  839.125793 214.090103 461.208496
 461          "a+n"   53  839.125793 220.299286 201.463516
 462          "a+p"   22  839.125793 214.090103 354.521454
 463          "a+r"   82  272.508301 207.033127 371.962341
 464          "a+s"    5  839.125793 542.771484 379.731995
 465          "a+t"   31  839.125793 542.771484 334.420898
 466          "a+y"    2  839.125793 542.771484 530.492676
 467        "j-u+n"    7  428.904541 448.445557 404.307861
 468          "b-a"  133  328.412689 462.006531 1362.027710
 469          "b-i"    8  629.359680 483.322083 939.741394
 470        "m-a+d"    6  523.250122 274.297211 351.598572
 471        "m-a+g"   10  523.250122 235.039871 253.954941
 472        "m-a+k"    4  523.250122 235.039871 354.521454
 473        "m-a+l"    5  523.250122 274.297211 272.062500
 474        "m-a+m"    2  523.250122 235.039871 461.208496
 475        "m-a+n"   37  523.250122 274.297211 861.126221
 476        "m-a+r"   10  523.250122 332.258331 409.978821
 477        "m-a+s"   11  523.250122 274.297211 379.731995
 478        "m-a+t"    9  523.250122 274.297211 270.759857
 479        "m-a+v"    1  523.250122 235.039871 446.339661
 480        "m-a+y"   14  523.250122 235.039871 530.492676
 481      "m-aa+jh"    2  352.642639 465.001556 498.493988
 482       "j-a+sh"    1  1090.982788 821.776367 225.532852
 483     "r-aa+nd~"   90  608.689148 755.711975 334.382324
 484       "s-u+bh"   27  439.970001 416.283875 172.981873
 485       "s-u+dh"   14  439.970001 416.283875 138.173553
 486          "d-a"  119  247.588165 399.040649 1691.697510
 487     "p-rx+shh"   25  270.063507 268.208771 195.194824
 488         "uu+r"    5  168.119965 510.283875 223.429077
 489      "r-a+nd~"  125  544.810425 467.137177 1055.190430
 490          "g-u"    3  173.527649 265.568878 562.962524
 491       "v-y+aa"   25  216.916733 366.176422 123.466370
 492          "i+k"    3  570.663696 425.916321 485.625397
 493          "i+l"    3  570.663696 425.916321 222.276855
 494          "i+m"    2  570.663696 425.916321 334.458649
 495          "i+n"   20  570.663696 425.916321 244.663345
 496          "i+s"   99  570.663696 425.916321 533.437561
 497          "i+t"   14  570.663696 425.916321 488.147125
 498       "l-a+bh"   11  544.810425 420.767700 1055.190430
 499       "l-a+ch"    2  554.379639 420.767700 225.532852
 500        "m-i+k"   50  629.359680 162.790039 485.625397
 501        "m-i+l"   26  629.359680 483.322083 222.276855
 502        "m-i+t"   38  629.359680 483.322083 488.147125
 503       "r-oo+p"    6  425.551605 640.617981 314.682404
 504       "r-oo+t"    4  425.551605 367.272125 306.777496
 505          "k-a"  492  824.273376 844.251587 1691.697510
 506          "k-i"   28  358.326111 558.899353 939.741394
 507      "n-ii+ch"   12  168.267975 298.008362 715.362671
 508          "l-a"  147  278.700073 205.014893 293.962952
 509          "l-i"    1  260.582672 613.524780 939.741394
 510          "l-u"   20  312.303467 448.445557 562.962524
 511      "th-aa+n"   12  308.136108 225.311996 753.239746
 512      "th-aa+p"    4  308.136108 999.061523 288.057861
 513      "th-aa+t"    5  308.136108 871.926392 607.990906
 514          "m-a"  180  356.166321 351.467255 1070.886230
 515          "m-u"    2  312.303467 185.368820 562.962524
 516          "n+y"    3  495.735260 317.316498 288.413422
 517          "n-a"  412  802.495239 784.390869 1070.886230
 518          "n-i"   25  224.231476 715.799072 939.741394
 519          "ng~"    2    2.043254   2.043224   2.050596
 520          "p-a"   51  328.412689 844.251587 1691.697510
 521          "p-i"    5  837.245483 483.322083 939.741394
 522       "n-a+ch"    6  802.495239 420.767700 225.532852
 523          "r-a"  474  926.415466 810.977173 703.561035
 524          "r-i"   15  252.101364 715.799072 939.741394
 525         "ei+h"    2  130.541138 1054.385742 601.198059
 526         "ei+k"   81  409.496490 686.126282 609.662781
 527         "ei+v"   19  130.541138 356.850098 172.171173
 528       "ph-i+r"    9  847.428833 713.062500 334.458649
 529          "s+m"    8  2160.059326 3616.001465 125.066223
 530          "s+p"   29  2160.059326 323.926636 299.757263
 531          "s+v"   18  2160.059326 148.838654 125.066223
 532          "s-i"   57  837.245483 307.986053 939.741394
 533          "s-u"    4  439.970001 416.283875 562.962524
 534       "r-i+t:"    6  252.101364 713.062500 286.478668
 535          "t+r"    2  441.148926 1119.875488 667.462097
 536          "u+d"   43  518.654053 470.901367 182.196609
 537          "u+l"   57  518.654053 470.901367 404.307861
 538          "sil" 1826  25064.345703 23738.435547 43434.941406
 539          "u+m"   24  518.654053 470.901367 399.711243
 540         "g-aa"   17  521.448853 1010.154907 174.887604
 541          "v+y"   17  562.106689 761.242065 490.143280
 542          "v-a"   72  882.312866 462.006531 1362.027710
 543         "g-oo"    1  152.267929 640.617981 424.627167
 544        "m-u+n"    8  312.303467 185.368820 404.307861
 545       "p-a+d:"   48  367.395508 298.725250 1055.190430
 546       "p-a+ch"    1  367.395508 203.980179 225.532852
 547        "p-a+d"   11  367.395508 203.980179 351.598572
 548        "p-a+k"   37  367.395508 298.725250 1362.027710
 549        "p-a+l"    1  367.395508 493.252838 272.062500
 550        "p-a+m"    1  367.395508 298.725250 461.208496
 551        "p-a+n"   50  367.395508 493.252838 861.126221
 552        "p-a+r"  104  195.847305 332.258331 409.978821
 553        "p-a+s"   11  367.395508 493.252838 379.731995
 554        "p-a+t"   10  367.395508 203.980179 270.759857
 555        "p-a+v"    2  367.395508 298.725250 446.339661
 556        "p-a+y"    5  367.395508 298.725250 530.492676
 557      "p-u+shh"   30  428.904541 265.568878 403.419769
 558       "p-a+sh"    6  367.395508 493.252838 225.532852
 559       "p-a+th"    2  367.395508 493.252838 270.759857
 560       "th-a+l"    6  1090.982788 550.400391 272.062500
 561       "th-a+m"    4  1090.982788 447.883850 461.208496
 562       "th-a+s"    1  1090.982788 265.029388 379.731995
 563       "th-a+v"    2  1090.982788 447.883850 446.339661
 564      "y-uu+t:"   10  158.342316 510.283875 329.042389
 565          "y-a"  282  418.906738 540.951233 529.643494
 566      "l-aa+d:"    5  214.332413 999.061523 1017.884949
 567       "b-aa+b"    2  203.394913 999.061523 274.567902
 568       "b-aa+d"   17  203.394913 391.553284 607.990906
 569       "b-aa+g"    1  203.394913 999.061523 177.828049
 570       "b-aa+l"    4  203.394913 412.443665 322.717987
 571       "b-aa+n"    3  203.394913 400.854156 753.239746
 572       "b-aa+r"   15  203.394913 412.443665 613.833435
 573      "b-oo+t:"    6  152.267929 640.617981 749.433594
 574       "d-ii+j"    6  755.545471 724.434387 715.362671
 575       "p-r+au"  179  397.010040 276.813782 253.396820
 576       "r-a+ch"   20  554.379639 197.331711 225.532852
 577       "r-a+dh"    9  554.379639 197.331711 351.598572
 578       "r-a+th"    7  554.379639 197.331711 224.537384
 579        "p-i+t"    2  837.245483 483.322083 141.290146
 580        "p-i+y"    1  837.245483 483.322083 384.419067
 581       "s-th+a"   83  260.106140 363.512909 452.354187
 582      "bh-aa+g"   14  936.461853 990.978210 177.828049
 583      "bh-aa+v"    7  936.461853 377.400391 274.567902
 584     "r-shh+aa"    2  106.110161 456.547272 232.689407
 585       "d-aa+r"    6  708.879456 397.747742 613.833435
 586       "d-aa+s"   25  936.461853 999.061523 498.493988
 587       "d-aa+y"    3  936.461853 999.061523 278.928986
 588      "sh-aa+b"    2  485.985931 695.871033 274.567902
 589      "sh-aa+l"    3  485.985931 695.871033 322.717987
 590      "sh-aa+m"    1  485.985931 460.576263 300.290070
 591      "sh-aa+s"   11  485.985931 695.871033 498.493988
 592      "sh-aa+y"    4  485.985931 755.711975 278.928986
 593       "s-v+aa"   27  158.579651 163.536896 467.546600
 594         "p+aa"   43  1616.805786 3084.507324 119.382881
 595         "p-aa"    3  202.413361 377.400391 1262.861450
 596         "p-ei"    2  578.309692 356.850098 848.287231
 597      "sh-ai+v"    1  290.446838 328.004913 249.159088
 598        "p-u+n"    6  428.904541 265.568878 404.307861
 599        "p-u+s"   13  428.904541 265.568878 378.702606
 600       "v-a+dh"    2  449.712769 493.252838 351.598572
 601       "v-a+n:"   44  449.712769 312.820740 1055.190430
 602        "s-a+b"   32  702.219971 447.883850 446.339661
 603        "s-a+d"   23  663.818298 265.029388 351.598572
 604       "v-a+sh"   17  449.712769 493.252838 225.532852
 605        "s-a+g"    5  507.115692 529.429810 253.954941
 606        "s-a+k"   62  507.115692 529.429810 1362.027710
 607        "s-a+m"   83  702.219971 447.883850 461.208496
 608        "s-a+p"    5  702.219971 447.883850 1362.027710
 609        "s-a+s"    4  663.818298 265.029388 379.731995
 610        "s-a+y"    3  507.115692 550.400391 530.492676
 611       "v-a+th"    1  449.712769 493.252838 270.759857
 612      "a-n:+dh"   23  577.238586 566.689636 190.086121
 613       "h-aa+b"    5  936.461853 990.978210 274.567902
 614       "h-aa+d"    5  936.461853 999.061523 607.990906
 615       "h-aa+l"    5  936.461853 999.061523 322.717987
 616        "ii+sh"   20  323.087219 302.161011 715.362671
 617       "k-uu+l"    4  383.003265 510.283875 329.042389
 618       "r-j+aa"   11  543.354187 1409.233521 506.912598
 619         "h+aa"    6  378.695282 2452.726074 3033.319824
 620      "r-aa+ch"    7  608.689148 755.711975 498.493988
 621      "r-aa+dh"    3  608.689148 695.871033 607.990906
 622      "aa-p+aa"   87  186.361465 349.298187 704.013916
 623        "s-i+s"    2  837.245483 453.687714 533.437561
 624      "v-ei+sh"    3  578.309692 321.483215 238.780945
 625        "bh+aa"  117  739.438782 824.515137 599.375000
 626       "m-uu+l"   14  192.959091 284.026062 223.429077
 627      "y-oo+dh"    3  286.383575 749.921509 749.433594
 628       "h-ai+d"    3  290.446838 421.814178 345.699310
 629         "y+aa"   14  723.476135 719.412537 393.347748
 630       "l-ii+g"    3  200.895432 694.919678 715.362671
 631      "b-ii+ch"    5  755.545471 302.161011 715.362671
 632         "y-aa"  147  400.454041 530.832520 812.500305
 633         "y-ei"   41  578.309692 783.112122 1441.050903
 634         "y-oo"    1  286.383575 640.617981 374.559174
 635         "y-uu"   13  158.342316 312.152527 329.042389
 636       "k-ei+n"    5  1003.769897 352.943848 312.209045
 637       "k-ei+v"    5  1003.769897 352.943848 172.171173
 638      "ph-uu+l"    3  383.003265 510.283875 223.429077
 639       "l-aa+b"    1  214.332413 999.061523 274.567902
 640       "l-aa+g"    1  214.332413 999.061523 177.828049
 641       "l-aa+l"    1  214.332413 999.061523 322.717987
 642       "l-aa+m"    2  214.332413 460.576263 300.290070
 643       "l-aa+n"    5  214.332413 750.568848 753.239746
 644       "l-aa+t"    1  214.332413 871.926392 607.990906
 645       "l-aa+v"    3  214.332413 377.400391 274.567902
 646       "l-aa+y"    2  214.332413 999.061523 278.928986
 647      "aa-h+ei"   73  231.413971 1052.742065 944.268555
 648       "n-ii+y"    1  168.267975 305.233368 241.235504
 649        "s-u+m"    4  439.970001 416.283875 399.711243
 650        "s-u+n"   18  439.970001 416.283875 404.307861
 651        "s-u+r"    3  439.970001 416.283875 403.419769
 652     "ch-oo+n:"   31  757.505615 257.338013 749.433594
 653        "v-a+d"    1  449.712769 203.980179 351.598572
 654        "v-a+g"    2  449.712769 312.820740 253.954941
 655        "v-a+k"   10  449.712769 312.820740 354.521454
 656        "v-a+l"    6  449.712769 493.252838 272.062500
 657        "v-a+m"    1  449.712769 312.820740 461.208496
 658        "v-a+n"   29  449.712769 493.252838 861.126221
 659        "v-a+r"   42  449.712769 332.258331 409.978821
 660        "v-a+s"   14  449.712769 493.252838 379.731995
 661        "v-a+t"   15  449.712769 203.980179 270.759857
 662        "v-a+v"    5  449.712769 312.820740 446.339661
 663        "v-a+y"    3  449.712769 312.820740 530.492676
 664       "n-aa+d"    4  415.820770 999.061523 607.990906
 665       "n-aa+g"    2  415.820770 999.061523 177.828049
 666       "n-aa+h"   21  415.820770 999.061523 1017.884949
 667       "n-aa+m"   32  415.820770 264.200623 300.290070
 668       "n-aa+n"    6  415.820770 750.568848 753.239746
 669       "n-aa+r"    8  415.820770 397.747742 613.833435
 670       "n-aa+t"    2  415.820770 871.926392 607.990906
 671       "n-aa+v"    4  415.820770 377.400391 274.567902
 672       "n-aa+y"    6  415.820770 999.061523 278.928986
 673     "ch-i+tra"   14  847.428833 713.062500 196.459610
 674      "n-ei+sh"    1  417.519623 404.557281 238.780945
 675      "aa-y+aa"   21  209.440308 366.176422 110.984741
 676      "aa-y+ei"   46  209.440308 114.499023 159.890656
 677    "aa-shh+aa"   33  202.244568 456.547272 232.689407
 678       "p-ii+y"    5  156.955719 305.233368 241.235504
 679    "aa-shh+t:"   10  202.244568 456.547272 635.038452
 680      "d-ei+sh"   41  157.590149 321.483215 238.780945
 681        "v-i+n"    6  629.359680 483.322083 244.663345
 682        "v-i+s"    9  629.359680 483.322083 533.437561
 683        "v-i+y"    3  629.359680 483.322083 384.419067
 684     "shh-aa+p"    2  936.461853 990.978210 288.057861
 685       "p-aa+d"    8  202.413361 465.001556 607.990906
 686       "p-aa+h"   14  202.413361 999.061523 1017.884949
 687       "p-aa+l"    5  202.413361 465.001556 322.717987
 688       "p-aa+n"    4  202.413361 400.854156 753.239746
 689       "p-aa+r"    7  202.413361 465.001556 422.569275
 690       "p-aa+s"    7  202.413361 465.001556 498.493988
 691       "p-aa+v"    9  202.413361 377.400391 274.567902
 692       "p-aa+y"    1  202.413361 999.061523 278.928986
 693       "s-uu+r"    6  383.003265 379.752350 223.429077
 694       "r-ii+b"   17  755.545471 694.919678 715.362671
 695       "r-ii+y"    9  755.545471 305.233368 241.235504
 696        "l-a+g"   22  544.810425 135.248413 253.954941
 697        "l-a+k"   46  544.810425 154.244537 354.521454
 698        "l-a+m"    2  544.810425 420.767700 461.208496
 699        "l-a+n"   17  554.379639 420.767700 861.126221
 700        "l-a+s"    1  554.379639 420.767700 379.731995
 701        "l-a+t"   18  554.379639 420.767700 270.759857
 702        "l-a+v"    1  544.810425 135.248413 446.339661
 703        "l-a+y"   20  544.810425 420.767700 530.492676
 704         "i+n:"    4  570.663696 425.916321 286.478668
 705       "r-aa+b"    5  608.689148 695.871033 274.567902
 706       "r-aa+l"    1  608.689148 695.871033 322.717987
 707       "r-aa+m"   27  608.689148 460.576263 300.290070
 708       "r-aa+n"   24  608.689148 150.080215 753.239746
 709       "r-aa+p"    9  608.689148 695.871033 288.057861
 710       "r-aa+r"    5  608.689148 755.711975 613.833435
 711       "r-aa+s"    2  608.689148 695.871033 498.493988
 712       "r-aa+y"   13  608.689148 755.711975 278.928986
 713        "y-a+d"    5  315.497803 420.767700 351.598572
 714        "y-a+k"   26  315.497803 540.951233 354.521454
 715        "y-a+m"    5  315.497803 540.951233 461.208496
 716        "y-a+n"    8  315.497803 420.767700 861.126221
 717        "y-a+r"    2  315.497803 420.767700 371.962341
 718        "y-a+v"   27  315.497803 540.951233 446.339661
 719       "s-ei+n"    4  611.045288 352.943848 312.209045
 720       "s-ei+v"    9  611.045288 352.943848 172.171173
 721       "t-aa+b"    3  573.543274 999.061523 274.567902
 722       "t-aa+l"    1  573.543274 999.061523 322.717987
 723       "t-aa+n"    3  573.543274 750.568848 753.239746
 724       "t-aa+p"    1  573.543274 999.061523 288.057861
 725       "t-aa+r"    5  573.543274 397.747742 422.569275
 726       "t-aa+t"    1  573.543274 871.926392 607.990906
 727       "t-aa+v"    1  573.543274 377.400391 274.567902
 728       "t-aa+y"    1  573.543274 999.061523 278.928986
 729        "l-i+d"    3  260.582672 453.687714 488.147125
 730        "l-i+k"    6  260.582672 613.524780 485.625397
 731        "l-i+m"    2  260.582672 453.687714 267.831085
 732        "l-i+n"    2  260.582672 713.062500 244.663345
 733        "l-i+y"   26  260.582672 613.524780 384.419067
 734         "a+ch"   17  839.125793 542.771484 225.532852
 735       "ch-a+k"    3  221.203461 821.776367 1362.027710
 736       "ch-a+l"   11  221.203461 821.776367 272.062500
 737       "ch-a+m"    1  221.203461 821.776367 461.208496
 738       "ch-a+n"   31  221.203461 320.754974 861.126221
 739       "ch-a+r"    9  221.203461 821.776367 406.899933
 740       "ch-a+t"    1  221.203461 821.776367 334.420898
 741       "ch-a+y"    2  221.203461 821.776367 530.492676
 742       "h-u+aa"   38  428.904541 227.402527 245.814713
 743        "y-i+t"   10  252.101364 453.687714 488.147125
 744       "v-aa+b"    1  448.915833 999.061523 274.567902
 745       "v-aa+d"   36  448.915833 391.553284 607.990906
 746       "v-aa+g"    5  448.915833 999.061523 177.828049
 747       "v-aa+h"   12  448.915833 999.061523 1017.884949
 748       "v-aa+l"   22  448.915833 412.443665 322.717987
 749       "v-aa+m"    2  448.915833 460.576263 300.290070
 750       "v-aa+n"   11  448.915833 400.854156 753.239746
 751       "v-aa+p"    2  448.915833 999.061523 288.057861
 752       "v-aa+r"   24  448.915833 412.443665 613.833435
 753       "v-aa+s"    9  448.915833 412.443665 498.493988
 754       "v-aa+y"    3  448.915833 999.061523 278.928986
 755        "b-a+d"    8  366.053253 203.980179 351.598572
 756        "b-a+k"    2  366.053253 312.820740 354.521454
 757        "b-a+l"    3  366.053253 493.252838 272.062500
 758        "b-a+n"   20  366.053253 493.252838 861.126221
 759        "b-a+s"   23  366.053253 493.252838 379.731995
 760        "b-a+t"    4  366.053253 203.980179 270.759857
 761     "v-ai+shh"    8  228.810562 328.004913 345.699310
 762         "r+aa"   93  678.253296 427.694305 503.213257
 763       "g-oo+b"    2  152.267929 640.617981 314.682404
 764       "g-oo+d"    1  152.267929 749.921509 314.682404
 765       "g-oo+s"    1  152.267929 749.921509 749.433594
 766         "r-aa"   39  608.689148 670.355957 812.500305
 767         "r-ei"   30  578.309692 848.424438 1441.050903
 768         "r-ii"   74  755.545471 694.919678 2795.268555
 769      "m-oo+n:"   14  425.551605 193.603531 749.433594
 770         "r-uu"    3  158.342316 379.752350 404.329712
 771        "b-i+b"    4  629.359680 483.322083 141.290146
 772        "ei+ch"    3  409.496490 1054.385742 601.198059
 773        "ei+sh"    3  130.541138 1054.385742 238.780945
 774        "ei+th"    1  130.541138 1054.385742 312.209045
 775       "a-r+th"   71  189.786148 152.410172 184.758102
 776      "sh-v+aa"    2  134.257111 163.536896 467.546600
 777         "j+aa"   91  534.366028 1409.233521 506.912598
 778      "aa-r+aa"   14  494.200958 443.783203 503.213257
 779     "th-ii+n:"    2  446.832153 291.707764 715.362671
 780      "aa-r+ch"  297  494.200958 443.783203 462.154114
 781       "k-oo+l"    2  497.690521 749.921509 236.057373
 782       "k-oo+m"   29  497.690521 749.921509 749.433594
 783      "ch-a+n:"    5  221.203461 821.776367 1055.190430
 784       "g-a+dh"    1  390.320740 280.774109 351.598572
 785      "v-aa+dh"    1  448.915833 412.443665 607.990906
 786       "m-oo+k"    1  425.551605 193.603531 314.682404
 787       "k-i+ei"    3  358.326111 713.062500 286.478668
 788       "k-i+sh"    1  358.326111 213.289017 286.478668
 789        "r-a+b"   21  544.810425 467.137177 446.339661
 790        "r-a+d"   30  554.379639 294.721222 351.598572
 791        "r-a+g"    4  544.810425 467.137177 253.954941
 792        "r-a+l"    1  554.379639 197.331711 272.062500
 793        "r-a+m"   34  544.810425 467.137177 461.208496
 794        "r-a+n"   31  554.379639 197.331711 861.126221
 795        "r-a+s"   35  554.379639 197.331711 379.731995
 796        "r-a+t"   98  554.379639 294.721222 224.537384
 797        "r-a+y"   22  544.810425 467.137177 530.492676
 798         "b+aa"   47  598.030151 898.399963 199.942764
 799      "aa-j+ii"   67  534.366028 1409.233521 805.379150
 800         "b-aa"    3  203.394913 377.400391 1262.861450
 801       "s-y+aa"    4  249.621002 366.176422 123.466370
 802         "s+aa"   69  2160.059326 3616.001465 486.734589
 803        "r-i+s"    1  252.101364 453.687714 533.437561
 804        "r-i+v"   10  252.101364 453.687714 334.458649
 805        "r-i+y"   14  252.101364 715.799072 384.419067
 806         "s-aa"   30  501.650726 670.355957 1017.884949
 807         "s-ei"  144  611.045288 848.424438 1441.050903
 808         "s-ii"   32  446.832153 724.434387 2795.268555
 809       "k-a+sh"    3  450.714294 330.559387 225.532852
 810       "k-a+th"    6  450.714294 330.559387 334.420898
 811       "aa-n+d"    2  584.382446 282.187408 283.222351
 812       "aa-n+t"   11  584.382446 586.491089 283.222351
 813       "aa-n+y"    4  584.382446 317.316498 216.899918
 814       "aa-r+m"    7  494.200958 443.783203 190.059769
 815       "m-a+ch"    4  523.250122 274.297211 225.532852
 816       "m-a+jh"    9  523.250122 274.297211 1055.190430
 817       "aa-t+m"    3  200.301071 536.398132 1768.948120
 818      "aa-s+aa"    2  280.013428 2232.659668 486.734589
 819         "k-aa"  295  793.323364 1967.669922 1087.939697
 820         "k-ei"  320  1003.769897 1637.395142 1127.527344
 821         "k-ii"  171  741.072754 937.875793 2795.268555
 822         "aa+b"   13  1056.490234 617.455383 274.567902
 823         "aa+g"    6  1056.490234 695.749329 177.828049
 824         "aa+m"    1  1056.490234 460.576263 300.290070
 825         "aa+n"    5  1056.490234 750.568848 753.239746
 826         "aa+p"   60  1056.490234 617.455383 288.057861
 827         "aa+r"    7  1056.490234 695.749329 613.833435
 828         "aa+y"    4  1056.490234 695.749329 278.928986
 829         "k-oo"   59  497.690521 394.603699 424.627167
 830         "aa-i"    4  847.428833 307.986053 939.741394
 831      "dh-aa+m"    1  936.461853 460.576263 300.290070
 832      "dh-aa+n"   17  103.130913 225.311996 753.239746
 833       "m-r+aa"    3  397.010040 284.398010 503.213257
 834       "sh-a+b"   21  221.203461 467.137177 446.339661
 835       "sh-a+d"    1  221.203461 467.137177 351.598572
 836       "sh-a+k"    5  221.203461 467.137177 1362.027710
 837       "sh-a+l"    2  221.203461 467.137177 272.062500
 838       "sh-a+r"    2  221.203461 467.137177 406.899933
 839       "sh-a+t"    2  221.203461 467.137177 334.420898
 840      "bh-uu+g"    7  168.119965 510.283875 404.329712
 841         "ai+s"   22  138.106125 273.829834 249.159088
 842         "ai+t"    8  138.106125 421.814178 345.699310
 843        "k-a+b"    1  450.714294 298.725250 446.339661
 844        "k-a+d"    3  450.714294 298.725250 351.598572
 845        "k-a+l"   10  450.714294 330.559387 272.062500
 846        "k-a+m"    4  450.714294 330.559387 461.208496
 847        "k-a+n"    6  450.714294 330.559387 861.126221
 848        "k-a+p"    6  450.714294 298.725250 1362.027710
 849        "k-a+r"  113  337.066559 243.836807 481.553345
 850        "k-a+s"    1  450.714294 330.559387 379.731995
 851        "k-a+t"   19  450.714294 298.725250 334.420898
 852        "k-a+v"   19  450.714294 330.559387 446.339661
