0 38 3727
1 157 3727
2 65 3727
3 676 3727
4 77 3727
5 157 3727
6 382 3727
7 66 3727
8 136 3727
9 676 3727
10 44 3727
11 157 3727
12 38 3727
13 36 3727
14 676 3727
15 382 3727
16 97 3727
17 382 3727
18 382 3727
19 205 3727
20 108 3727
21 39 3727
22 383 3727
23 677 3727
24 59 3727
25 21 3727
26 140 3727
27 113 3727
28 163 3727
29 100 3727
30 150 3727
31 77 3727
32 532 3727
33 536 3727
34 959 3727
35 584 3727
36 171 3727
37 678 3727
38 714 3727
39 707 3727
40 781 3727
41 788 3727
42 653 3727
43 801 3727
44 685 3727
45 716 3727
46 257 3727
47 975 3727
48 752 3727
49 120 3727
50 658 3727
51 600 3727
52 653 3727
53 697 3727
54 679 3727
55 993 3727
56 906 3727
57 487 3727
58 778 3727
59 826 3727
60 974 3727
61 995 3727
62 1041 3727
63 1004 3727
64 779 3727
65 1076 3727
66 1057 3727
67 509 3727
68 856 3727
69 1021 3727
70 796 3727
71 897 3727
72 1037 3727
73 919 3727
74 1080 3727
75 1006 3727
76 880 3727
77 1125 3727
78 989 3727
79 1078 3727
80 1117 3727
81 957 3727
82 894 3727
83 1068 3727
84 1049 3727
85 913 3727
86 739 3727
87 926 3727
88 1045 3727
89 1156 3727
90 1173 3727
91 1008 3727
92 998 3727
93 1151 3727
94 1167 3727
95 901 3727
96 1006 3727
97 1145 3727
98 1107 3727
